      0/99     5.75G    0.0454   0.01078  0.003702   0.05988        56       640     0.475    0.4101    0.3526    0.1534   0.06528    0.0204  0.006287
      1/99     5.68G   0.04536   0.01083  0.003376   0.05957        51       640    0.4482    0.4114    0.3305    0.1446   0.06634   0.02012   0.00671
      2/99     5.68G   0.04678   0.01083  0.003832   0.06145        51       640    0.5169    0.2985    0.2703    0.1133   0.07023   0.02096  0.008482
      3/99     5.68G   0.04867   0.01092  0.004607   0.06421        77       640    0.4111    0.3268    0.2609    0.1073   0.07038    0.0207  0.007816
      4/99     5.68G   0.04813   0.01104  0.004285   0.06346        49       640    0.4126    0.3525    0.2708    0.1112   0.06938     0.021  0.007112
      5/99     5.68G   0.04809   0.01081  0.004346   0.06324        40       640    0.3074    0.3753    0.2802    0.1182   0.07134   0.02143  0.008089
      6/99     5.68G   0.04797   0.01087  0.004281   0.06312        62       640    0.4151    0.3375    0.2883    0.1179    0.0705    0.0202  0.008314
      7/99     5.68G   0.04749   0.01083  0.003971   0.06229        30       640    0.3583    0.3185    0.2895    0.1205   0.06988   0.02079  0.007842
      8/99     5.68G   0.04723   0.01084  0.003996   0.06206        17       640    0.4261    0.3661    0.2994      0.13   0.07099   0.02101   0.00924
      9/99     5.68G   0.04713   0.01101  0.004062   0.06221        48       640    0.3799    0.4182    0.3112    0.1322   0.06908    0.0204  0.007154
     10/99     5.68G   0.04663   0.01072  0.003587   0.06094        54       640    0.4422    0.3484    0.3121    0.1352   0.06989   0.01989  0.008142
     11/99     5.68G   0.04619   0.01067  0.003594   0.06046        52       640    0.4497    0.3474    0.3222    0.1379    0.0688   0.02063  0.007271
     12/99     5.68G   0.04645   0.01063  0.003562   0.06064        48       640    0.3571    0.3558    0.3038    0.1264   0.06859   0.02057  0.007677
     13/99     5.68G   0.04602   0.01084  0.003474   0.06034        56       640    0.4186    0.3583    0.3191    0.1287   0.06984   0.02055  0.007113
     14/99     5.68G   0.04603   0.01049  0.003302   0.05982        62       640    0.4171     0.335    0.3172    0.1316    0.0679   0.02025  0.006892
     15/99     5.68G   0.04556   0.01069  0.003303   0.05955        38       640    0.3297    0.4161    0.3086    0.1334   0.06779   0.02037  0.006512
     16/99     5.68G   0.04551   0.01069  0.003316   0.05952        33       640    0.4268    0.3698    0.3353    0.1507   0.06759   0.02115  0.007014
     17/99     5.68G   0.04572    0.0106  0.003391    0.0597        22       640    0.3377    0.4202    0.3224    0.1433   0.06812   0.02051  0.006957
     18/99     5.68G   0.04542   0.01049  0.003119   0.05903        28       640    0.3894    0.4063    0.3297    0.1406   0.06756   0.02063  0.006898
     19/99     5.68G    0.0453   0.01057  0.003137     0.059        53       640    0.3944    0.4025    0.3437     0.153   0.06718    0.0206  0.006769
     20/99     5.68G   0.04507   0.01044  0.003084   0.05859        57       640    0.4054    0.3822    0.3486    0.1485   0.06757   0.02067  0.007005
     21/99     5.68G   0.04467   0.01046  0.003009   0.05814        62       640    0.3948    0.3837    0.3514    0.1538   0.06717   0.02077  0.006764
     22/99     5.68G   0.04461   0.01028  0.002857   0.05774        64       640    0.3958    0.4067    0.3471     0.151   0.06772   0.02041   0.00698
     23/99     5.68G   0.04454   0.01042   0.00269   0.05765        66       640    0.4347    0.3608      0.35    0.1471   0.06663   0.02094  0.006062
     24/99     5.68G   0.04443    0.0107  0.002756   0.05788        22       640    0.4199    0.3715    0.3391    0.1476   0.06687   0.02058  0.006569
     25/99     5.68G   0.04424   0.01044  0.002924    0.0576        56       640    0.3893    0.4162    0.3546    0.1592   0.06708    0.0205  0.007127
     26/99     5.68G   0.04415   0.01049   0.00294   0.05757        42       640    0.4728    0.3695    0.3551    0.1642     0.067    0.0205   0.00669
     27/99     5.68G   0.04418   0.01026  0.002776   0.05721        51       640    0.4098       0.4    0.3496     0.156   0.06599   0.02062  0.006357
     28/99     5.68G   0.04432   0.01048  0.002673   0.05747        60       640    0.4885    0.4039    0.3827    0.1726   0.06613   0.02021   0.00655
     29/99     5.68G   0.04412   0.01022  0.002453   0.05679        73       640    0.5502    0.3616    0.3912    0.1752   0.06572    0.0205  0.005663
     30/99     5.68G   0.04391    0.0104   0.00259    0.0569        37       640     0.403    0.4557    0.3734    0.1711   0.06637   0.02044  0.005943
     31/99     5.68G   0.04396   0.01034  0.002708   0.05702        62       640    0.3725    0.4906    0.3746    0.1692   0.06556   0.02059  0.006163
     32/99     5.68G   0.04341   0.01027  0.002684   0.05636        50       640    0.4691    0.4086    0.3804    0.1771   0.06682    0.0203  0.006161
     33/99     5.68G   0.04352   0.01058  0.002718   0.05682        31       640    0.4696    0.4051    0.3825    0.1751   0.06627   0.02046  0.006345
     34/99     5.68G   0.04319   0.01034  0.002295   0.05583        53       640    0.4212    0.4251    0.3867    0.1729   0.06613   0.02051  0.006129
     35/99     5.68G   0.04328   0.01037  0.002424   0.05608        36       640    0.4525    0.4031     0.389    0.1792    0.0663   0.02035  0.005805
     36/99     5.68G   0.04341   0.01022  0.002547   0.05618        60       640    0.4804    0.3846    0.3843    0.1809   0.06583   0.02076  0.006113
     37/99     5.68G   0.04353   0.01047  0.002519   0.05651        60       640    0.4783    0.4251    0.3872    0.1742   0.06526   0.02074  0.006496
     38/99     5.68G   0.04333   0.01028  0.002488    0.0561        39       640    0.3936    0.4569    0.3848    0.1829   0.06519   0.02058   0.00599
     39/99     5.68G   0.04251   0.01019  0.002453   0.05515        60       640    0.5209    0.4109    0.4083    0.1814   0.06522   0.02066  0.006225
     40/99     5.68G   0.04294   0.01027  0.002371   0.05559        48       640    0.5461      0.39    0.4045    0.1838     0.065   0.02066  0.005767
     41/99     5.68G    0.0427   0.01031  0.002241   0.05525        84       640    0.4209    0.4632    0.4003    0.1824   0.06477   0.02069  0.005676
     42/99     5.68G   0.04251   0.01025  0.002285   0.05504        37       640    0.4256    0.4546    0.4055    0.1909   0.06442   0.02073  0.005893
     43/99     5.68G   0.04273   0.01031  0.002198   0.05524        55       640     0.454    0.4447    0.4018    0.1826   0.06418   0.02076  0.005942
     44/99     5.68G   0.04263    0.0103  0.002164   0.05509        38       640    0.4706    0.4818     0.425    0.1982   0.06421   0.02051  0.005772
     45/99     5.68G   0.04214   0.01026  0.002126   0.05453        44       640     0.439    0.4802    0.4125    0.1928   0.06424   0.02084  0.005845
     46/99     5.68G   0.04243   0.01013  0.002253   0.05481        47       640     0.499    0.4275    0.4187    0.1889   0.06386   0.02106  0.005642
     47/99     5.68G   0.04224   0.01012  0.002083   0.05444        59       640     0.475    0.4356    0.4059    0.1932   0.06492   0.02049  0.005939
     48/99     5.68G   0.04168    0.0101  0.002032   0.05382        52       640    0.5077    0.3956    0.3979    0.1803    0.0648   0.02081  0.005915
     49/99     5.68G   0.04212   0.01009  0.002312   0.05452        33       640    0.4637    0.4605    0.4102    0.1906   0.06454   0.02078  0.006021
     50/99     5.68G   0.04179   0.01009  0.002078   0.05395        55       640    0.4481    0.4432    0.4034    0.1856   0.06389    0.0211  0.005587
     51/99     5.68G   0.04164   0.01037  0.002136   0.05414        53       640    0.4319    0.4708    0.4111    0.1884   0.06416   0.02106  0.005606
     52/99     5.68G   0.04161   0.01019  0.002066   0.05386        78       640    0.4874    0.4553    0.4196    0.1886   0.06362   0.02098  0.005524
     53/99     5.68G   0.04144   0.01002  0.001958   0.05342        60       640     0.505     0.459    0.4184    0.1904    0.0637   0.02107  0.005356
     54/99     5.68G   0.04122  0.009916  0.001965    0.0531        37       640    0.5096    0.4342    0.4105    0.1899   0.06401   0.02087  0.005498
     55/99     5.68G   0.04117  0.009933  0.001936   0.05304        55       640    0.5576    0.4299    0.4249    0.1938   0.06405   0.02087  0.005586
     56/99     5.68G   0.04102   0.00998  0.001913   0.05292        28       640     0.532     0.444    0.4246    0.1997   0.06379   0.02091  0.005782
     57/99     5.68G   0.04082      0.01  0.001803   0.05263        28       640    0.4834     0.453    0.4173    0.1931   0.06338     0.021  0.005422
     58/99     5.68G     0.041  0.009983   0.00179   0.05277        62       640     0.566    0.4306    0.4293     0.202   0.06331   0.02108  0.005482
     59/99     5.68G   0.04033  0.009862  0.001836   0.05203        48       640    0.5387    0.4625    0.4279    0.1975   0.06348   0.02121  0.005333
     60/99     5.68G    0.0407  0.009838  0.001811   0.05235        32       640    0.4576    0.4841    0.4241    0.1996    0.0636   0.02123  0.005458
     61/99     5.68G    0.0404   0.00995  0.001644   0.05199        64       640    0.4424    0.5083     0.427    0.1949   0.06324   0.02121  0.005441
     62/99     5.68G   0.04032  0.009922  0.001617   0.05186        56       640    0.4329    0.4555    0.4117    0.1899   0.06302   0.02135  0.005116
     63/99     5.68G   0.04022  0.009774  0.001741   0.05173        61       640    0.4733    0.4512    0.4227    0.1945    0.0633   0.02126  0.005427
     64/99     5.68G   0.04039  0.009837  0.001645   0.05188        44       640    0.4602    0.4771    0.4254    0.1935   0.06323   0.02124  0.005185
     65/99     5.68G   0.03975  0.009691  0.001619   0.05106        55       640    0.5291    0.4259    0.4303    0.2004   0.06351   0.02126  0.005666
     66/99     5.68G   0.03972  0.009818  0.001642   0.05118        29       640    0.5513     0.438     0.436    0.1959   0.06369   0.02133  0.005492
     67/99     5.68G   0.03984  0.009818  0.001602   0.05126        58       640    0.5253    0.4427    0.4417    0.2041   0.06358   0.02129  0.005373
     68/99     5.68G   0.03943   0.00974  0.001562   0.05073        85       640    0.4641     0.475    0.4386    0.2007   0.06343   0.02127  0.005268
     69/99     5.68G   0.03957  0.009818  0.001594   0.05098        48       640    0.4969    0.4424     0.437    0.2018   0.06379   0.02128  0.005277
     70/99     5.68G   0.03931  0.009488  0.001569   0.05037        41       640    0.4788    0.4513    0.4238    0.1998   0.06375   0.02124  0.005411
     71/99     5.68G   0.03947  0.009726  0.001561   0.05076        72       640    0.5194    0.4207    0.4246    0.1997   0.06373   0.02135  0.005278
     72/99     5.68G    0.0393  0.009682   0.00151    0.0505        46       640    0.4634    0.4705    0.4219     0.197   0.06272   0.02157  0.005079
     73/99     5.68G   0.03912  0.009877  0.001492   0.05049        45       640    0.5452    0.4329    0.4303     0.198   0.06293   0.02171  0.005211
     74/99     5.68G   0.03851  0.009654  0.001532   0.04969        37       640    0.5231    0.4371     0.435    0.1976   0.06363   0.02164  0.005251
     75/99     5.68G   0.03873  0.009605   0.00146    0.0498        43       640    0.5418    0.4412    0.4333     0.204   0.06318   0.02178  0.005233
     76/99     5.68G   0.03863  0.009668  0.001463   0.04976        59       640    0.5407    0.4365    0.4204    0.1999    0.0632   0.02185  0.005336
     77/99     5.68G   0.03853  0.009568  0.001368   0.04946        34       640    0.5378    0.4328    0.4175       0.2   0.06333   0.02184  0.005342
     78/99     5.68G   0.03832  0.009582  0.001461   0.04937        36       640    0.5366    0.4358    0.4225    0.2012   0.06314   0.02198  0.005349
     79/99     5.68G   0.03826  0.009464  0.001297   0.04902        51       640     0.512    0.4388    0.4276    0.2039   0.06299   0.02189  0.005237
     80/99     5.68G   0.03793  0.009488  0.001308   0.04873        65       640    0.5288    0.4366    0.4241    0.2035   0.06287     0.022  0.005326
     81/99     5.68G   0.03817  0.009462   0.00128   0.04891        49       640    0.5447    0.4344    0.4316    0.2026   0.06271   0.02205  0.005256
     82/99     5.68G    0.0381  0.009454  0.001347    0.0489        47       640    0.4996    0.4579    0.4265    0.1993   0.06296   0.02205  0.005294
     83/99     5.68G   0.03787  0.009545  0.001308   0.04872        30       640    0.5106    0.4345    0.4237    0.1993   0.06295   0.02208  0.005247
     84/99     5.68G   0.03792  0.009558  0.001404   0.04889        57       640    0.4934     0.448    0.4242    0.1981   0.06297   0.02216  0.005298
     85/99     5.68G   0.03759  0.009418  0.001316   0.04833        40       640    0.5442    0.4221    0.4254    0.2012   0.06316   0.02218  0.005286
     86/99     5.68G   0.03732  0.009526  0.001267   0.04812        24       640    0.5282    0.4269    0.4253     0.201    0.0632   0.02222  0.005234
     87/99     5.68G   0.03744  0.009455  0.001302    0.0482        33       640    0.5026    0.4433    0.4215    0.1978   0.06321   0.02229  0.005157
     88/99     5.68G   0.03703  0.009349   0.00125   0.04763        35       640    0.4606    0.4688    0.4228    0.1982   0.06326   0.02228  0.005133
     89/99     5.68G   0.03765  0.009371  0.001343   0.04837        60       640     0.491     0.453    0.4191    0.1972   0.06317   0.02232  0.005104
     90/99     5.68G     0.037  0.009322  0.001199   0.04752        43       640    0.5282    0.4193    0.4157    0.1945   0.06306   0.02236  0.005147
     91/99     5.68G   0.03657  0.009182  0.001224   0.04698        27       640    0.5048    0.4341    0.4171    0.1917   0.06306   0.02243  0.005189
     92/99     5.68G   0.03665  0.009188  0.001214   0.04705        49       640    0.5223    0.4163    0.4156    0.1908   0.06308   0.02248  0.005137
     93/99     5.68G   0.03689  0.009294  0.001244   0.04743        27       640    0.5115    0.4219    0.4191     0.193   0.06321   0.02253  0.005121
     94/99     5.68G   0.03693  0.009312  0.001167   0.04741        67       640    0.5042    0.4299    0.4225     0.195   0.06338    0.0225  0.005132
     95/99     5.68G    0.0367  0.009244  0.001188   0.04713        55       640    0.5032    0.4325    0.4207    0.1939   0.06346   0.02256  0.005177
     96/99     5.68G   0.03663  0.009449  0.001189   0.04727        38       640    0.4835     0.449      0.42    0.1932    0.0634   0.02263  0.005143
     97/99     5.68G   0.03656   0.00926  0.001194   0.04702        55       640    0.5202    0.4235     0.418     0.194   0.06333   0.02267  0.005144
     98/99     5.68G   0.03636  0.009417  0.001161   0.04694        72       640    0.5024    0.4256    0.4125    0.1931   0.06327   0.02272  0.005136
     99/99     5.68G   0.03636   0.00918  0.001101   0.04664        73       640    0.5308    0.4126    0.4174    0.1942   0.06317   0.02281   0.00511
